*3
1 2 3 5
-1 0 1 -3
3 1 3 30 
;
*4
5 -2 3 -1 8
-3 9 1 2 7
2 -1 -7 3 6
5 3 1 4 5
;
*5
1 -6 1 2 0 43
0 1 -1 2 4 110
-5 6 7 0 -1 2.4
2 0 -7 -3 3.5 10.5
2 -12 2 4 0 45
;
*6
1 1 -2 1 3 -1 4
2 -1 1 2 1 -3 20
1 3 -3 -1 2 1 -15
5 2 -1 -1 2 1 -3
-3 -1 2 3 1 3 16
4 3 1 -6 -3 -2 -27
;
*7
1 -2 3 -1 1 0 0 17
2 1 1 -3 0 -1 2 20
1 0 2 1 1 3 -1 -15
4 1 -3 -2 -1 3 -6 -27
2 -4 6 -2 2 0 0 34
5 -1 2 1 -1 2 -1 -3
0 2 1 0 1 -1 3 16
;
*8
4 -2 1 -1 1 -1 1 -1 4
-32 16 -8 4 -2 1 -1 1 32
-128 64 -32 16 -8 4 -2 1 128
-8 4 -2 1 -1 1 -1 1 8
1 -1 1 -1 1 -1 1 -1 1
16 -8 4 -2 1 -1 1 -1 16
64 -32 16 -8 4 -2 1 -1 64
-2 1 -1 1 -1 1 -1 1 2
;
*9
8 1 1 1 1 1 0 0 0 75
1 0 0 1 0 1 1 1 0 3
1 1 0 0 1 0 7 1 1 120
1 1 1 1 1 1 0 0 0 5
1 0 1 1 0 1 2 1 0 27
0 1 1 1 1 0 1 0 1 8
1 1 0 1 1 1 0 0 0 13
0 1 0 0 0 1 1 1 1 6
0 0 1 1 1 0 1 1 1 2
;
*10
13 -5 1 -9 1 -3 -2 0 0 0 13
-4 0 0 1 0 1 1 -1 1 0 3
-7 -1 0 0 -2 0 0 1 1 -4 27.5
-9 1 1 9 1 -6 0 0 0 0 5
1 0 1 -8 0 1 1 2 -10 0 75
0 1 -2 -2 1 0 0 1 0 1 8
1 -1 0 1 -1 1 3 0 0 0 15
0 1 0 0 0 -7 0 14 1 1 16
0 0 -6 1 -9 0 0 1 1 -3 43
0 0 1 1 -3 0 1 5 5 1 22.5
;
*11
21 1 -4 -1 1.5 9 1 -17 6 0 0 -37
1 0 0 1 0 1 0 -1 -9 4 1 109
0 1 1 3 -6 1 1 1 1 -4 0 64
22 1 0 1 -5 0 1 1 1 1 -6 12
0 1 0 0 1 1 0 7 1 1 0 -86
1 0 1 1 -3 1 1 1 0 1 1 33.5
14 -4 2.5 1 1 1 1 0 1 1 1 99
0 1 0 0 1 1 1 1 1 1 1 53
25 1 0 1 1 9 0 0 -1 -1 6 -31
0 0 0 0 1 0 1 -3 1 1 9 15
-42 2 -8 -2 3 18 2 -34 12 0 0 -74
;
*12
-6 4 1 -14 4 -9 -1 0 0 0 0 0 19
31 0 14 5 52 0 -2.5 1 -3 0 0 0 33.5
14 1 0 -6 1 -2 0 2.5 0 -4 -14 0 97
0 0 0 0 1 1 6 1 -6 6 14 7 4
1 0 14 0 0 -1 6 4 0 1 0 4 15
0 8 0 0 -1 1 16 1 0 3 5 1 66
0 1 -3 0 6 1 1 22 0 7 8 0 127
-1 15 1 0 1 3 8 3 4 5 1 0 8
-6 4 1 -14 4 -9 -1 0 0 0 0 0 205
0 0 0 0 4 -20 -13 1 0 15 17 1 54
9 0 4 -1 1 26 -1 6 4 8 0 0 13.8
0 0 0 6 5 0 4 1 1 3 1 0 4
;
*13
12 7 15 11 8 6 1 5.3 1 8 2 0 0 10
8 9 0 0 2 1 1 15 1 4 1 1 13 22
0 1 1 1 4 1 16 6 6 0 6 12 1 8
1 8 0 0 0 18 16 1 1 16 4 8 8 20
1 4 1 12 1 1 22 10 19 0 0 18 18 16
12 1 6 0 0 16 12 6 18 1 1 4 22 6
8 0 1 1 1 14 1 22 0 1 18 1 0 24
1 6 12 1 1 0 0 0 4 17 1 16 1 14
1 1 1 1 18 1 1 4 8 1 1 1 1 26
14 1 6 20 1 1 22 1 12 0 0 1 1 12
8 1 22 22 0 18 1 18 1 8 1 0 1 4
1 24 1 8 6 1 1 14 0 1 1 12 0 18
26 1 14 12 4 12 0 0 1 8 4 22 1 2
;
*14
-8 1 -1 -14 1 22 1 18.2 -1 0 0 0 0 0 29.53
13.7 0 16 0 0 0 17 -1 0 6.9 12 1 1 4 15
-1 1 1 1 1 4 1 1 0 1 1 18 1 8 27
14 20 1 1 22 -1 0 0 -1 -1 6 1 -1 12 11.8
8 -22 0 18 1 -18 -8 1 0 1 2.2 0 1 -1 41
11.5 8 12 -1 0 14 1 -1 -1 24 1 6 0 0 18
26 12 22 12 0 0 8 4 0 1 14 4 9.8 1 25
12 -11 0 6 1 5.3 -8 2 -1 7 15 8 0 1 10.12
8 0 1 1 -1 15 4 1 0 9 0 2 -13 -1 29
0 1 -12 1 -16 6 0 -6 0 23.6 1 4 1 6 81.8
-1 0 8.4 18 -16 1 16 4 -1 8 0 0 -8 1 20.1
15.1 12 18 1 22 10 0 0 0 -4 0 1 18 -19 16
12 0 4 -16 12 6 1 -1 -1 1 6 0 -22 18 61
0 0 -8 18 -16 1 16 4 -1 -8.7 0 0 8 -1 23.46
;
*15
71 -13 2 3 1 -3 18 -13 -9 4 -3 23.1 0 0 0 -94.8
16.1 -4 1 18 1 22 10 18 -19 0 0 21 12 0 0 17.5
11 1 0 4 -16 12 6 -22 18 1 -1 3 0 6 -19 68.8
-8 0 0 -1 -14 1 22 0 0 1 18.2 49.3 1 0 -1 28.8
18.7 6.9 1 16 0 0 0 1 4 17 0 -1 0 12 0 17.9
8 1 0 0 18 1 -18 1 -1 -8 1 0 -22 2.2 0 321
14.5 24 6 12 -1 0 14 0 0 1 0 0 8 1 -1 18.1
26 1 4 22 12 0 0 9.8 1 8 4 -12 12 14 0 29.2
-1 8 0 8.4 18 -16 1 -8 1 16 4.8 -7 0 0 -35.9 27.2
0 -8.6 0 -8 18 -16 1 8 -1 16 14 9 0 0 -1 93.44
0 0 18 1 1 1 4 1 8 1 89 41.9 1 0 0 271
54 -1 1 1 1 22 0 -1 12 0 0 1 20 6 -9 19.1
19 7 8 0 6 1 5.3 0 1 -8 2 0 -11 15 -13 19.14
18 9 2 1 1 -1 15 -13 -1 4 1 23.1 0 0 0 92
0 83.5 4 -12 1 -19 6 1 6 0 -6 0 1 1 0 64.3
;